1990 1 0.000000000 1.000000000 1.000000000 0.000000000 0.000000000 0.000000000
1990 2 -0.535934941 -0.663439843 -0.569798131 -0.442293229 -0.442293229 -0.442293229
1990 3 0.840703657 0.968208559 0.874566847 1.747061945 2.051830661 1.747061945
1990 4 -0.304768716 -1.304768716 -1.304768716 -1.304768716 -1.609537432 -2.304768716
1990 5 0.270905525 0.270905525 1.270905525 1.541811051 0.270905525 0.270905525
1990 6 -0.270905525 -0.270905525 -0.270905525 -0.541811051 0.729094475 0.729094475
1990 7 0.000000000 0.000000000 -1.000000000 -1.000000000 -1.000000000 -1.000000000
1990 8 0.000000000 0.000000000 1.000000000 1.000000000 1.000000000 0.000000000
1990 9 -1.000000000 -1.000000000 -1.000000000 -1.000000000 -2.000000000 0.000000000
1990 10 1.000000000 1.000000000 1.000000000 0.000000000 -1.000000000 0.000000000
1990 11 0.000000000 0.000000000 0.000000000 0.000000000 0.000000000 0.000000000
1990 12 0.000000000 -2.000000000 -1.000000000 -1.000000000 -1.000000000 0.000000000
1991 1 0.000000000 0.000000000 1.000000000 1.000000000 0.000000000 0.000000000
1991 2 -0.535934941 -0.663439843 -0.569798131 -0.442293229 -0.442293229 -0.442293229
1991 3 -1.159296343 -1.031791441 -1.125433153 -1.252938055 -0.948169339 -0.252938055
1991 4 2.695231284 2.695231284 1.695231284 1.695231284 2.390462568 1.695231284
1991 5 -0.729094475 -0.729094475 -0.729094475 -0.458188949 0.270905525 -0.729094475
1991 6 -0.270905525 -0.270905525 -0.270905525 0.458188949 -0.270905525 0.729094475
1991 7 1.000000000 1.000000000 1.000000000 0.000000000 0.000000000 0.000000000
1991 8 0.000000000 0.000000000 0.000000000 1.000000000 1.000000000 1.000000000
1991 9 0.000000000 -1.000000000 -1.000000000 -1.000000000 -1.000000000 -2.000000000
1991 10 0.000000000 1.000000000 1.000000000 1.000000000 0.000000000 -1.000000000
1991 11 0.000000000 0.000000000 0.000000000 0.000000000 0.000000000 0.000000000
1991 12 0.000000000 0.000000000 -2.000000000 -1.000000000 -1.000000000 -1.000000000
1992 1 0.000000000 0.000000000 0.000000000 1.000000000 1.000000000 0.000000000
1992 2 1.964065059 2.336560157 1.930201869 1.557706771 1.557706771 2.557706771
1992 3 -1.659296343 -2.031791441 -2.625433153 -2.252938055 -1.948169339 -2.252938055
1992 4 -0.304768716 -1.304768716 0.695231284 0.695231284 -0.609537432 -0.304768716
1992 5 -0.729094475 -0.729094475 -0.729094475 -0.458188949 -0.729094475 0.270905525
1992 6 0.729094475 0.729094475 -0.270905525 -0.541811051 -0.270905525 -0.270905525
1992 7 0.000000000 0.000000000 1.000000000 1.000000000 1.000000000 0.000000000
1992 8 0.000000000 -1.000000000 -1.000000000 -1.000000000 -1.000000000 0.000000000
1992 9 -1.000000000 1.000000000 1.000000000 0.000000000 0.000000000 0.000000000
1992 10 -1.000000000 0.000000000 0.000000000 1.000000000 1.000000000 1.000000000
1992 11 0.000000000 0.000000000 0.000000000 0.000000000 0.000000000 0.000000000
1992 12 0.000000000 1.000000000 1.000000000 1.000000000 -1.000000000 0.000000000
1993 1 -1.000000000 -1.000000000 -1.000000000 -1.000000000 -1.000000000 0.000000000
1993 2 -0.535934941 -0.663439843 -0.569798131 -0.442293229 -0.442293229 -0.442293229
1993 3 1.840703657 1.968208559 1.874566847 0.747061945 1.051830661 0.747061945
1993 4 -0.304768716 -0.304768716 -1.304768716 0.695231284 0.390462568 -0.304768716
1993 5 0.270905525 -0.729094475 -0.729094475 -0.458188949 -0.729094475 -0.729094475
1993 6 -0.270905525 0.729094475 0.729094475 -0.541811051 -0.270905525 -0.270905525
1993 7 0.000000000 0.000000000 0.000000000 1.000000000 1.000000000 1.000000000
1993 8 0.000000000 0.000000000 -1.000000000 -1.000000000 -1.000000000 -1.000000000
1993 9 0.000000000 -1.000000000 1.000000000 1.000000000 0.000000000 0.000000000
1993 10 -1.000000000 -2.000000000 -1.000000000 -1.000000000 0.000000000 0.000000000
1993 11 0.000000000 0.000000000 0.000000000 0.000000000 0.000000000 0.000000000
1993 12 0.000000000 0.000000000 1.000000000 1.000000000 1.000000000 -1.000000000
1994 1 0.000000000 -1.000000000 -1.000000000 -1.000000000 -1.000000000 -1.000000000
1994 2 -0.535934941 -0.663439843 -0.569798131 -0.442293229 -0.442293229 -0.442293229
1994 3 0.840703657 1.968208559 1.874566847 1.747061945 1.051830661 0.747061945
1994 4 -0.304768716 -0.304768716 -0.304768716 -1.304768716 0.390462568 0.695231284
1994 5 1.270905525 1.270905525 0.270905525 0.541811051 0.270905525 0.270905525
1994 6 -0.270905525 -0.270905525 0.729094475 0.458188949 -0.270905525 -0.270905525
1994 7 -1.000000000 -1.000000000 -1.000000000 -1.000000000 0.000000000 0.000000000
1994 8 1.000000000 1.000000000 1.000000000 0.000000000 0.000000000 0.000000000
1994 9 0.000000000 0.000000000 -1.000000000 1.000000000 1.000000000 0.000000000
1994 10 0.000000000 -1.000000000 -2.000000000 -1.000000000 -1.000000000 0.000000000
1994 11 0.000000000 0.000000000 0.000000000 0.000000000 0.000000000 0.000000000
1994 12 1.000000000 1.000000000 1.000000000 2.000000000 2.000000000 2.000000000
1995 1 1.000000000 1.000000000 0.000000000 0.000000000 0.000000000 0.000000000
1995 2 -0.035934941 -0.163439843 0.430201869 0.057706771 0.057706771 0.057706771
1995 3 0.340703657 0.468208559 0.874566847 1.247061945 1.551830661 0.247061945
1995 4 -1.304768716 -1.304768716 -1.304768716 -1.304768716 -2.609537432 -0.304768716
1995 5 0.270905525 1.270905525 1.270905525 0.541811051 0.270905525 0.270905525
1995 6 -0.270905525 -0.270905525 -0.270905525 0.458188949 0.729094475 -0.270905525
1995 7 0.000000000 -1.000000000 -1.000000000 -1.000000000 -1.000000000 0.000000000
1995 8 0.000000000 1.000000000 1.000000000 1.000000000 0.000000000 0.000000000
1995 9 0.000000000 0.000000000 0.000000000 -1.000000000 1.000000000 1.000000000
1995 10 0.000000000 0.000000000 -1.000000000 -2.000000000 -1.000000000 -1.000000000
1995 11 0.000000000 0.000000000 0.000000000 0.000000000 0.000000000 0.000000000
1995 12 -2.000000000 -1.000000000 -1.000000000 -1.000000000 0.000000000 0.000000000
1996 1 0.000000000 1.000000000 1.000000000 0.000000000 0.000000000 0.000000000
1996 2 -0.535934941 -0.663439843 -0.569798131 0.557706771 -0.442293229 -0.442293229
1996 3 -0.159296343 -0.031791441 -0.125433153 -0.252938055 1.051830661 0.747061945
1996 4 1.695231284 1.695231284 0.695231284 0.695231284 0.390462568 0.695231284
1996 5 0.270905525 0.270905525 0.270905525 1.541811051 1.270905525 0.270905525
1996 6 -1.270905525 -1.270905525 -1.270905525 -1.541811051 -1.270905525 -0.270905525
1996 7 1.000000000 1.000000000 1.000000000 0.000000000 0.000000000 0.000000000
1996 8 0.000000000 0.000000000 0.000000000 1.000000000 1.000000000 1.000000000
1996 9 0.000000000 -1.000000000 -1.000000000 -1.000000000 -1.000000000 -2.000000000
1996 10 0.000000000 1.000000000 1.000000000 1.000000000 0.000000000 -1.000000000
1996 11 0.000000000 0.000000000 0.000000000 0.000000000 0.000000000 0.000000000
1996 12 0.000000000 0.000000000 -2.000000000 -1.000000000 -1.000000000 -1.000000000
1997 1 0.000000000 0.000000000 0.000000000 1.000000000 1.000000000 0.000000000
1997 2 -0.535934941 -0.663439843 -0.569798131 -0.442293229 -0.442293229 -0.442293229
1997 3 -0.159296343 -1.031791441 -1.125433153 -1.252938055 -1.948169339 -0.252938055
1997 4 -0.304768716 1.695231284 1.695231284 0.695231284 1.390462568 0.695231284
1997 5 -0.729094475 -0.729094475 -0.729094475 -1.458188949 0.270905525 0.270905525
1997 6 0.729094475 -0.270905525 -0.270905525 0.458188949 -0.270905525 -0.270905525
1997 7 0.000000000 1.000000000 1.000000000 1.000000000 0.000000000 0.000000000
1997 8 -1.000000000 -1.000000000 -1.000000000 -1.000000000 0.000000000 0.000000000
1997 9 2.000000000 2.000000000 1.000000000 1.000000000 1.000000000 1.000000000
1997 10 1.000000000 1.000000000 2.000000000 2.000000000 2.000000000 1.000000000
1997 11 0.000000000 0.000000000 0.000000000 0.000000000 0.000000000 0.000000000
1997 12 1.000000000 1.000000000 1.000000000 -1.000000000 0.000000000 0.000000000
1998 1 0.000000000 0.000000000 0.000000000 0.000000000 1.000000000 1.000000000
1998 2 -0.535934941 -0.663439843 -0.569798131 -0.442293229 -0.442293229 -0.442293229
1998 3 0.840703657 0.968208559 -0.125433153 -0.252938055 0.051830661 -0.252938055
1998 4 -0.304768716 -1.304768716 0.695231284 0.695231284 -0.609537432 -0.304768716
1998 5 -0.729094475 -0.729094475 -0.729094475 -0.458188949 -0.729094475 0.270905525
1998 6 0.729094475 0.729094475 -0.270905525 -0.541811051 -0.270905525 -0.270905525
1998 7 0.000000000 0.000000000 1.000000000 1.000000000 1.000000000 0.000000000
1998 8 0.000000000 -1.000000000 -1.000000000 -1.000000000 -1.000000000 0.000000000
1998 9 -1.000000000 1.000000000 1.000000000 0.000000000 0.000000000 0.000000000
1998 10 -1.000000000 0.000000000 0.000000000 1.000000000 1.000000000 1.000000000
1998 11 0.000000000 0.000000000 0.000000000 0.000000000 0.000000000 0.000000000
1998 12 0.000000000 1.000000000 1.000000000 1.000000000 -1.000000000 0.000000000
1999 1 -1.000000000 -1.000000000 -1.000000000 -1.000000000 -1.000000000 0.000000000
1999 2 -0.535934941 -0.663439843 -0.569798131 -0.442293229 -0.442293229 -0.442293229
1999 3 1.840703657 1.968208559 1.874566847 0.747061945 1.051830661 0.747061945
1999 4 -0.304768716 -0.304768716 -1.304768716 0.695231284 0.390462568 -0.304768716
1999 5 0.270905525 -0.729094475 -0.729094475 -0.458188949 -0.729094475 -0.729094475
1999 6 -0.270905525 0.729094475 0.729094475 -0.541811051 -0.270905525 -0.270905525
1999 7 0.000000000 0.000000000 0.000000000 1.000000000 1.000000000 1.000000000
1999 8 0.000000000 0.000000000 -1.000000000 -1.000000000 -1.000000000 -1.000000000
1999 9 0.000000000 -1.000000000 1.000000000 1.000000000 0.000000000 0.000000000
1999 10 -1.000000000 -2.000000000 -1.000000000 -1.000000000 0.000000000 0.000000000
1999 11 0.000000000 0.000000000 0.000000000 0.000000000 0.000000000 0.000000000
1999 12 0.000000000 0.000000000 1.000000000 1.000000000 1.000000000 -1.000000000
2000 1 0.000000000 -1.000000000 -1.000000000 -1.000000000 -1.000000000 -1.000000000
2000 2 1.964065059 3.336560157 1.930201869 1.557706771 1.557706771 1.557706771
2000 3 -1.659296343 -2.031791441 -0.625433153 -0.252938055 0.051830661 -1.252938055
2000 4 -0.304768716 -0.304768716 -0.304768716 -0.304768716 -0.609537432 0.695231284
2000 5 0.270905525 1.270905525 1.270905525 0.541811051 0.270905525 0.270905525
2000 6 -0.270905525 -0.270905525 -0.270905525 0.458188949 0.729094475 -0.270905525
2000 7 0.000000000 -1.000000000 -1.000000000 -1.000000000 -1.000000000 0.000000000
2000 8 0.000000000 1.000000000 1.000000000 1.000000000 0.000000000 0.000000000
2000 9 0.000000000 0.000000000 0.000000000 -1.000000000 1.000000000 1.000000000
2000 10 0.000000000 0.000000000 -1.000000000 -2.000000000 -1.000000000 -1.000000000
2000 11 0.000000000 0.000000000 0.000000000 0.000000000 0.000000000 0.000000000
2000 12 -2.000000000 -1.000000000 -1.000000000 -1.000000000 0.000000000 0.000000000
2001 1 0.000000000 1.000000000 1.000000000 0.000000000 0.000000000 0.000000000
2001 2 -0.535934941 -0.663439843 -0.569798131 -0.442293229 -0.442293229 -0.442293229
2001 3 0.840703657 0.968208559 0.874566847 1.747061945 2.051830661 1.747061945
2001 4 -0.304768716 -1.304768716 -1.304768716 -1.304768716 -1.609537432 -2.304768716
2001 5 0.270905525 0.270905525 1.270905525 1.541811051 0.270905525 0.270905525
2001 6 -0.270905525 -0.270905525 -0.270905525 -0.541811051 0.729094475 0.729094475
2001 7 0.000000000 0.000000000 -1.000000000 -1.000000000 -1.000000000 -1.000000000
2001 8 0.000000000 0.000000000 1.000000000 1.000000000 1.000000000 0.000000000
2001 9 -1.000000000 -1.000000000 -1.000000000 -1.000000000 -2.000000000 0.000000000
2001 10 1.000000000 1.000000000 1.000000000 0.000000000 -1.000000000 0.000000000
2001 11 0.000000000 0.000000000 0.000000000 0.000000000 0.000000000 0.000000000
2001 12 0.000000000 -2.000000000 -1.000000000 -1.000000000 -1.000000000 0.000000000
2002 1 0.000000000 0.000000000 1.000000000 1.000000000 0.000000000 0.000000000
2002 2 -0.535934941 -0.663439843 -0.569798131 -0.442293229 -0.442293229 -0.442293229
2002 3 -1.159296343 -1.031791441 -1.125433153 -1.252938055 -0.948169339 -0.252938055
2002 4 2.695231284 2.695231284 1.695231284 1.695231284 2.390462568 1.695231284
2002 5 -0.729094475 -0.729094475 -0.729094475 -0.458188949 0.270905525 -0.729094475
2002 6 -0.270905525 -0.270905525 -0.270905525 0.458188949 -0.270905525 0.729094475
2002 7 1.000000000 1.000000000 1.000000000 0.000000000 0.000000000 0.000000000
2002 8 0.000000000 0.000000000 0.000000000 1.000000000 1.000000000 1.000000000
2002 9 0.000000000 -1.000000000 -1.000000000 -1.000000000 -1.000000000 -2.000000000
2002 10 0.000000000 1.000000000 1.000000000 1.000000000 0.000000000 -1.000000000
2002 11 0.000000000 0.000000000 0.000000000 0.000000000 0.000000000 0.000000000
2002 12 0.000000000 0.000000000 -2.000000000 -1.000000000 -1.000000000 -1.000000000
2003 1 0.000000000 0.000000000 0.000000000 1.000000000 1.000000000 0.000000000
2003 2 1.964065059 2.336560157 1.930201869 1.557706771 1.557706771 1.557706771
2003 3 -1.659296343 -3.031791441 -2.625433153 -2.252938055 -1.948169339 -1.252938055
2003 4 -1.304768716 0.695231284 0.695231284 -0.304768716 -0.609537432 -0.304768716
2003 5 0.270905525 0.270905525 0.270905525 0.541811051 1.270905525 1.270905525
2003 6 -0.270905525 -1.270905525 -1.270905525 -1.541811051 -1.270905525 -1.270905525
2003 7 0.000000000 1.000000000 1.000000000 1.000000000 0.000000000 0.000000000
2003 8 -1.000000000 -1.000000000 -1.000000000 -1.000000000 0.000000000 0.000000000
2003 9 2.000000000 2.000000000 1.000000000 1.000000000 1.000000000 1.000000000
2003 10 1.000000000 1.000000000 2.000000000 2.000000000 2.000000000 1.000000000
2003 11 0.000000000 0.000000000 0.000000000 0.000000000 0.000000000 0.000000000
2003 12 1.000000000 1.000000000 1.000000000 -1.000000000 0.000000000 0.000000000
2004 1 0.000000000 0.000000000 0.000000000 0.000000000 1.000000000 1.000000000
2004 2 -1.535934941 -1.663439843 -1.569798131 -1.442293229 -1.442293229 -1.442293229
2004 3 1.840703657 1.968208559 1.874566847 0.747061945 1.051830661 0.747061945
2004 4 -0.304768716 -0.304768716 -1.304768716 0.695231284 0.390462568 -0.304768716
2004 5 0.270905525 -0.729094475 -0.729094475 -0.458188949 -0.729094475 -0.729094475
2004 6 -0.270905525 0.729094475 0.729094475 -0.541811051 -0.270905525 -0.270905525
2004 7 0.000000000 0.000000000 0.000000000 1.000000000 1.000000000 1.000000000
2004 8 0.000000000 0.000000000 -1.000000000 -1.000000000 -1.000000000 -1.000000000
2004 9 0.000000000 -1.000000000 1.000000000 1.000000000 0.000000000 0.000000000
2004 10 -1.000000000 -2.000000000 -1.000000000 -1.000000000 0.000000000 0.000000000
2004 11 0.000000000 0.000000000 0.000000000 0.000000000 0.000000000 0.000000000
2004 12 0.000000000 0.000000000 1.000000000 1.000000000 1.000000000 -1.000000000
2005 1 0.000000000 -1.000000000 -1.000000000 -1.000000000 -1.000000000 -1.000000000
2005 2 -0.535934941 -0.663439843 -0.569798131 -0.442293229 -0.442293229 -0.442293229
2005 3 -0.159296343 0.968208559 0.874566847 0.747061945 -0.948169339 -0.252938055
2005 4 0.695231284 0.695231284 0.695231284 -0.304768716 2.390462568 1.695231284
2005 5 0.270905525 0.270905525 -0.729094475 -1.458188949 -0.729094475 -0.729094475
2005 6 0.729094475 0.729094475 1.729094475 2.458188949 0.729094475 0.729094475
2005 7 -1.000000000 -1.000000000 -1.000000000 -1.000000000 0.000000000 0.000000000
2005 8 1.000000000 1.000000000 1.000000000 0.000000000 0.000000000 0.000000000
2005 9 0.000000000 0.000000000 -1.000000000 1.000000000 1.000000000 0.000000000
2005 10 0.000000000 -1.000000000 -2.000000000 -1.000000000 -1.000000000 0.000000000
2005 11 0.000000000 0.000000000 0.000000000 0.000000000 0.000000000 0.000000000
2005 12 1.000000000 1.000000000 1.000000000 2.000000000 2.000000000 2.000000000
2006 1 1.000000000 1.000000000 0.000000000 0.000000000 0.000000000 0.000000000
2006 2 -0.035934941 -0.163439843 0.430201869 0.057706771 0.057706771 0.057706771
2006 3 0.340703657 0.468208559 0.874566847 1.247061945 1.551830661 0.247061945
2006 4 -1.304768716 -1.304768716 -1.304768716 -1.304768716 -2.609537432 -0.304768716
2006 5 0.270905525 1.270905525 1.270905525 0.541811051 0.270905525 0.270905525
2006 6 -0.270905525 -0.270905525 -0.270905525 0.458188949 0.729094475 -0.270905525
2006 7 0.000000000 -1.000000000 -1.000000000 -1.000000000 -1.000000000 0.000000000
2006 8 0.000000000 1.000000000 1.000000000 1.000000000 0.000000000 0.000000000
2006 9 0.000000000 0.000000000 0.000000000 -1.000000000 1.000000000 1.000000000
2006 10 0.000000000 0.000000000 -1.000000000 -2.000000000 -1.000000000 -1.000000000
2006 11 0.000000000 0.000000000 0.000000000 0.000000000 0.000000000 0.000000000
2006 12 -2.000000000 -1.000000000 -1.000000000 -1.000000000 0.000000000 0.000000000
2007 1 0.000000000 1.000000000 1.000000000 0.000000000 0.000000000 0.000000000
2007 2 -0.535934941 -0.663439843 -0.569798131 -0.442293229 -0.442293229 -0.442293229
2007 3 0.840703657 0.968208559 0.874566847 1.747061945 2.051830661 1.747061945
2007 4 -0.304768716 -1.304768716 -1.304768716 -1.304768716 -1.609537432 -2.304768716
2007 5 0.270905525 0.270905525 1.270905525 1.541811051 0.270905525 0.270905525
2007 6 -0.270905525 -0.270905525 -0.270905525 -0.541811051 0.729094475 0.729094475
2007 7 0.000000000 0.000000000 -1.000000000 -1.000000000 -1.000000000 -1.000000000
2007 8 0.000000000 0.000000000 1.000000000 1.000000000 1.000000000 0.000000000
2007 9 -1.000000000 -1.000000000 -1.000000000 -1.000000000 -2.000000000 0.000000000
2007 10 1.000000000 1.000000000 1.000000000 0.000000000 -1.000000000 0.000000000
2007 11 0.000000000 0.000000000 0.000000000 0.000000000 0.000000000 0.000000000
2007 12 0.000000000 -2.000000000 -1.000000000 -1.000000000 -1.000000000 0.000000000
2008 1 0.000000000 0.000000000 1.000000000 1.000000000 0.000000000 0.000000000
2008 2 -0.535934941 -0.663439843 -0.569798131 -0.442293229 0.557706771 -0.442293229
2008 3 -0.159296343 -1.031791441 -1.125433153 -1.252938055 -1.948169339 -0.252938055
2008 4 -0.304768716 1.695231284 1.695231284 0.695231284 1.390462568 0.695231284
2008 5 -0.729094475 -0.729094475 -0.729094475 -1.458188949 0.270905525 0.270905525
2008 6 0.729094475 -0.270905525 -0.270905525 0.458188949 -0.270905525 -0.270905525
2008 7 0.000000000 1.000000000 1.000000000 1.000000000 0.000000000 0.000000000
2008 8 -1.000000000 -1.000000000 -1.000000000 -1.000000000 0.000000000 0.000000000
2008 9 2.000000000 2.000000000 1.000000000 1.000000000 1.000000000 1.000000000
2008 10 1.000000000 1.000000000 2.000000000 2.000000000 2.000000000 1.000000000
2008 11 0.000000000 0.000000000 0.000000000 0.000000000 0.000000000 0.000000000
2008 12 1.000000000 1.000000000 1.000000000 -1.000000000 0.000000000 0.000000000
2009 1 0.000000000 0.000000000 0.000000000 0.000000000 1.000000000 1.000000000
2009 2 -0.535934941 -0.663439843 -0.569798131 -0.442293229 -0.442293229 -0.442293229
2009 3 0.840703657 0.968208559 -0.125433153 -0.252938055 0.051830661 -0.252938055
2009 4 -0.304768716 -1.304768716 0.695231284 0.695231284 -0.609537432 -0.304768716
2009 5 -0.729094475 -0.729094475 -0.729094475 -0.458188949 -0.729094475 0.270905525
2009 6 0.729094475 0.729094475 -0.270905525 -0.541811051 -0.270905525 -0.270905525
2009 7 0.000000000 0.000000000 1.000000000 1.000000000 1.000000000 0.000000000
2009 8 0.000000000 -1.000000000 -1.000000000 -1.000000000 -1.000000000 0.000000000
2009 9 -1.000000000 1.000000000 1.000000000 0.000000000 0.000000000 0.000000000
2009 10 -1.000000000 0.000000000 0.000000000 1.000000000 1.000000000 1.000000000
2009 11 0.000000000 0.000000000 0.000000000 0.000000000 0.000000000 0.000000000
2009 12 0.000000000 1.000000000 1.000000000 1.000000000 -1.000000000 0.000000000
2010 1 -1.000000000 -1.000000000 -1.000000000 -1.000000000 -1.000000000 0.000000000
2010 2 -0.535934941 -0.663439843 -0.569798131 -0.442293229 -0.442293229 -0.442293229
2010 3 1.840703657 1.968208559 1.874566847 0.747061945 1.051830661 0.747061945
2010 4 -0.304768716 -0.304768716 -1.304768716 0.695231284 0.390462568 -0.304768716
2010 5 0.270905525 -0.729094475 -0.729094475 -0.458188949 -0.729094475 -0.729094475
2010 6 -0.270905525 0.729094475 0.729094475 -0.541811051 -0.270905525 -0.270905525
2010 7 0.000000000 0.000000000 0.000000000 1.000000000 1.000000000 1.000000000
2010 8 0.000000000 0.000000000 -1.000000000 -1.000000000 -1.000000000 -1.000000000
2010 9 0.000000000 -1.000000000 1.000000000 1.000000000 0.000000000 0.000000000
2010 10 -1.000000000 -2.000000000 -1.000000000 -1.000000000 0.000000000 0.000000000
2010 11 0.000000000 0.000000000 0.000000000 0.000000000 0.000000000 0.000000000
2010 12 0.000000000 0.000000000 1.000000000 1.000000000 1.000000000 -1.000000000
2011 1 0.000000000 -1.000000000 -1.000000000 -1.000000000 -1.000000000 -1.000000000
2011 2 1.964065059 2.336560157 1.930201869 1.557706771 1.557706771 1.557706771
2011 3 -1.659296343 -1.031791441 -0.625433153 -0.252938055 -0.948169339 -1.252938055
2011 4 -0.304768716 -0.304768716 -0.304768716 -1.304768716 0.390462568 0.695231284
2011 5 1.270905525 1.270905525 0.270905525 0.541811051 0.270905525 0.270905525
2011 6 -0.270905525 -0.270905525 0.729094475 0.458188949 -0.270905525 -0.270905525
2011 7 -1.000000000 -1.000000000 -1.000000000 -1.000000000 0.000000000 0.000000000
2011 8 1.000000000 1.000000000 1.000000000 0.000000000 0.000000000 0.000000000
2011 9 0.000000000 0.000000000 -1.000000000 1.000000000 1.000000000 0.000000000
2011 10 0.000000000 -1.000000000 -2.000000000 -1.000000000 -1.000000000 0.000000000
2011 11 0.000000000 0.000000000 0.000000000 0.000000000 0.000000000 0.000000000
2011 12 1.000000000 1.000000000 1.000000000 2.000000000 2.000000000 2.000000000
2012 1 1.000000000 1.000000000 0.000000000 0.000000000 0.000000000 0.000000000
2012 2 -0.535934941 -0.663439843 0.430201869 -0.442293229 -0.442293229 -0.442293229
2012 3 0.840703657 0.968208559 0.874566847 1.747061945 2.051830661 1.747061945
2012 4 -0.304768716 -1.304768716 -1.304768716 -1.304768716 -1.609537432 -2.304768716
2012 5 0.270905525 0.270905525 1.270905525 1.541811051 0.270905525 0.270905525
2012 6 -0.270905525 -0.270905525 -0.270905525 -0.541811051 0.729094475 0.729094475
2012 7 0.000000000 0.000000000 -1.000000000 -1.000000000 -1.000000000 -1.000000000
2012 8 0.000000000 0.000000000 1.000000000 1.000000000 1.000000000 0.000000000
2012 9 -1.000000000 -1.000000000 -1.000000000 -1.000000000 -2.000000000 0.000000000
2012 10 1.000000000 1.000000000 1.000000000 0.000000000 -1.000000000 0.000000000
2012 11 0.000000000 0.000000000 0.000000000 0.000000000 0.000000000 0.000000000
2012 12 0.000000000 -2.000000000 -1.000000000 -1.000000000 -1.000000000 0.000000000
2013 1 0.000000000 0.000000000 1.000000000 1.000000000 0.000000000 0.000000000
2013 2 -0.535934941 -0.663439843 -0.569798131 -0.442293229 -0.442293229 -0.442293229
2013 3 -1.159296343 -1.031791441 -1.125433153 -1.252938055 -0.948169339 -0.252938055
2013 4 2.695231284 2.695231284 1.695231284 1.695231284 2.390462568 1.695231284
2013 5 -0.729094475 -0.729094475 -0.729094475 -0.458188949 0.270905525 -0.729094475
2013 6 -0.270905525 -0.270905525 -0.270905525 0.458188949 -0.270905525 0.729094475
2013 7 1.000000000 1.000000000 1.000000000 0.000000000 0.000000000 0.000000000
2013 8 0.000000000 0.000000000 0.000000000 1.000000000 1.000000000 1.000000000
2013 9 0.000000000 -1.000000000 -1.000000000 -1.000000000 -1.000000000 -2.000000000
2013 10 0.000000000 1.000000000 1.000000000 1.000000000 0.000000000 -1.000000000
2013 11 0.000000000 0.000000000 0.000000000 0.000000000 0.000000000 0.000000000
2013 12 0.000000000 0.000000000 -2.000000000 -1.000000000 -1.000000000 -1.000000000
2014 1 0.000000000 0.000000000 0.000000000 1.000000000 1.000000000 0.000000000
2014 2 1.964065059 2.336560157 1.930201869 1.557706771 1.557706771 1.557706771
2014 3 -1.659296343 -3.031791441 -2.625433153 -2.252938055 -1.948169339 -1.252938055
2014 4 -1.304768716 0.695231284 0.695231284 -0.304768716 -0.609537432 -0.304768716
2014 5 0.270905525 0.270905525 0.270905525 0.541811051 1.270905525 1.270905525
2014 6 -0.270905525 -1.270905525 -1.270905525 -1.541811051 -1.270905525 -1.270905525
2014 7 0.000000000 1.000000000 1.000000000 1.000000000 0.000000000 0.000000000
2014 8 -1.000000000 -1.000000000 -1.000000000 -1.000000000 0.000000000 0.000000000
2014 9 2.000000000 2.000000000 1.000000000 1.000000000 1.000000000 1.000000000
2014 10 1.000000000 1.000000000 2.000000000 2.000000000 2.000000000 1.000000000
2014 11 0.000000000 0.000000000 0.000000000 0.000000000 0.000000000 0.000000000
2014 12 1.000000000 1.000000000 1.000000000 -1.000000000 0.000000000 0.000000000
2015 1 0.000000000 0.000000000 0.000000000 0.000000000 1.000000000 1.000000000
2015 2 -0.535934941 -0.663439843 -0.569798131 -0.442293229 -0.442293229 -0.442293229
2015 3 0.840703657 0.968208559 -0.125433153 -0.252938055 0.051830661 -0.252938055
2015 4 -0.304768716 -1.304768716 0.695231284 0.695231284 -0.609537432 -0.304768716
2015 5 -0.729094475 -0.729094475 -0.729094475 -0.458188949 -0.729094475 0.270905525
2015 6 0.729094475 0.729094475 -0.270905525 -0.541811051 -0.270905525 -0.270905525
2015 7 0.000000000 0.000000000 1.000000000 1.000000000 1.000000000 0.000000000
2015 8 0.000000000 -1.000000000 -1.000000000 -1.000000000 -1.000000000 0.000000000
2015 9 -1.000000000 1.000000000 1.000000000 0.000000000 0.000000000 0.000000000
2015 10 -1.000000000 0.000000000 0.000000000 1.000000000 1.000000000 1.000000000
2015 11 0.000000000 0.000000000 0.000000000 0.000000000 0.000000000 0.000000000
2015 12 0.000000000 1.000000000 1.000000000 1.000000000 -1.000000000 0.000000000
2016 1 -1.000000000 -1.000000000 -1.000000000 -1.000000000 -1.000000000 0.000000000
2016 2 0.464065059 -0.663439843 -0.569798131 -0.442293229 -0.442293229 -0.442293229
2016 3 -0.159296343 0.968208559 0.874566847 0.747061945 -0.948169339 -0.252938055
2016 4 0.695231284 0.695231284 0.695231284 -0.304768716 2.390462568 1.695231284
2016 5 0.270905525 0.270905525 -0.729094475 -1.458188949 -0.729094475 -0.729094475
2016 6 0.729094475 0.729094475 1.729094475 2.458188949 0.729094475 0.729094475
2016 7 -1.000000000 -1.000000000 -1.000000000 -1.000000000 0.000000000 0.000000000
2016 8 1.000000000 1.000000000 1.000000000 0.000000000 0.000000000 0.000000000
2016 9 0.000000000 0.000000000 -1.000000000 1.000000000 1.000000000 0.000000000
2016 10 0.000000000 -1.000000000 -2.000000000 -1.000000000 -1.000000000 0.000000000
2016 11 0.000000000 0.000000000 0.000000000 0.000000000 0.000000000 0.000000000
2016 12 1.000000000 1.000000000 1.000000000 2.000000000 2.000000000 2.000000000
2017 1 1.000000000 1.000000000 0.000000000 0.000000000 0.000000000 0.000000000
2017 2 -0.035934941 -0.163439843 0.430201869 0.057706771 0.057706771 0.057706771
2017 3 0.340703657 0.468208559 0.874566847 1.247061945 1.551830661 0.247061945
2017 4 -1.304768716 -1.304768716 -1.304768716 -1.304768716 -2.609537432 -0.304768716
2017 5 0.270905525 1.270905525 1.270905525 0.541811051 0.270905525 0.270905525
2017 6 -0.270905525 -0.270905525 -0.270905525 0.458188949 0.729094475 -0.270905525
2017 7 0.000000000 -1.000000000 -1.000000000 -1.000000000 -1.000000000 0.000000000
2017 8 0.000000000 1.000000000 1.000000000 1.000000000 0.000000000 0.000000000
2017 9 0.000000000 0.000000000 0.000000000 -1.000000000 1.000000000 1.000000000
2017 10 0.000000000 0.000000000 -1.000000000 -2.000000000 -1.000000000 -1.000000000
2017 11 0.000000000 0.000000000 0.000000000 0.000000000 0.000000000 0.000000000
2017 12 -2.000000000 -1.000000000 -1.000000000 -1.000000000 0.000000000 0.000000000
2018 1 0.000000000 1.000000000 1.000000000 0.000000000 0.000000000 0.000000000
2018 2 -0.535934941 -0.663439843 -0.569798131 -0.442293229 -0.442293229 -0.442293229
2018 3 -0.159296343 -0.031791441 -0.125433153 0.747061945 0.051830661 0.747061945
2018 4 0.695231284 -0.304768716 -0.304768716 -0.304768716 0.390462568 -1.304768716
2018 5 -0.729094475 -0.729094475 0.270905525 -0.458188949 -0.729094475 -0.729094475
2018 6 0.729094475 0.729094475 0.729094475 1.458188949 1.729094475 1.729094475
2018 7 0.000000000 0.000000000 -1.000000000 -1.000000000 -1.000000000 -1.000000000
2018 8 0.000000000 0.000000000 1.000000000 1.000000000 1.000000000 0.000000000
2018 9 -1.000000000 -1.000000000 -1.000000000 -1.000000000 -2.000000000 0.000000000
2018 10 1.000000000 1.000000000 1.000000000 0.000000000 -1.000000000 0.000000000
2018 11 0.000000000 0.000000000 0.000000000 0.000000000 0.000000000 0.000000000
2018 12 0.000000000 -2.000000000 -1.000000000 -1.000000000 -1.000000000 0.000000000
2019 1 0.000000000 0.000000000 1.000000000 1.000000000 0.000000000 0.000000000
2019 2 1.964065059 2.336560157 1.930201869 1.557706771 1.557706771 1.557706771
2019 3 -2.659296343 -3.031791441 -2.625433153 -2.252938055 -0.948169339 -1.252938055
2019 4 1.695231284 1.695231284 0.695231284 0.695231284 0.390462568 0.695231284
2019 5 0.270905525 0.270905525 0.270905525 1.541811051 1.270905525 0.270905525
2019 6 -1.270905525 -1.270905525 -1.270905525 -1.541811051 -1.270905525 -0.270905525
2019 7 1.000000000 1.000000000 1.000000000 0.000000000 0.000000000 0.000000000
2019 8 0.000000000 0.000000000 0.000000000 1.000000000 1.000000000 1.000000000
2019 9 0.000000000 -1.000000000 -1.000000000 -1.000000000 -1.000000000 -2.000000000
2019 10 0.000000000 1.000000000 1.000000000 1.000000000 0.000000000 -1.000000000
2019 11 0.000000000 0.000000000 0.000000000 0.000000000 0.000000000 0.000000000
2019 12 0.000000000 0.000000000 -2.000000000 -1.000000000 -1.000000000 -1.000000000
2020 1 0.000000000 0.000000000 0.000000000 1.000000000 1.000000000 0.000000000
2020 2 -0.535934941 -0.663439843 -0.569798131 -0.442293229 -0.442293229 0.557706771
2020 3 0.840703657 0.968208559 -0.125433153 -0.252938055 0.051830661 -0.252938055
2020 4 -0.304768716 -1.304768716 0.695231284 0.695231284 -0.609537432 -0.304768716
2020 5 -0.729094475 -0.729094475 -0.729094475 -0.458188949 -0.729094475 0.270905525
2020 6 0.729094475 0.729094475 -0.270905525 -0.541811051 -0.270905525 -0.270905525
2020 7 0.000000000 0.000000000 1.000000000 1.000000000 1.000000000 0.000000000
2020 8 0.000000000 -1.000000000 -1.000000000 -1.000000000 -1.000000000 0.000000000
2020 9 -1.000000000 1.000000000 1.000000000 0.000000000 0.000000000 0.000000000
2020 10 -1.000000000 0.000000000 0.000000000 1.000000000 1.000000000 1.000000000
2020 11 0.000000000 0.000000000 0.000000000 0.000000000 0.000000000 0.000000000
2020 12 0.000000000 1.000000000 1.000000000 1.000000000 -1.000000000 0.000000000
2021 1 -1.000000000 -1.000000000 -1.000000000 -1.000000000 -1.000000000 0.000000000
2021 2 -0.535934941 -0.663439843 -0.569798131 -0.442293229 -0.442293229 -0.442293229
2021 3 1.840703657 1.968208559 1.874566847 0.747061945 1.051830661 0.747061945
2021 4 -0.304768716 -0.304768716 -1.304768716 0.695231284 0.390462568 -0.304768716
2021 5 0.270905525 -0.729094475 -0.729094475 -0.458188949 -0.729094475 -0.729094475
2021 6 -0.270905525 0.729094475 0.729094475 -0.541811051 -0.270905525 -0.270905525
2021 7 0.000000000 0.000000000 0.000000000 1.000000000 1.000000000 1.000000000
2021 8 0.000000000 0.000000000 -1.000000000 -1.000000000 -1.000000000 -1.000000000
2021 9 0.000000000 -1.000000000 1.000000000 1.000000000 0.000000000 0.000000000
2021 10 -1.000000000 -2.000000000 -1.000000000 -1.000000000 0.000000000 0.000000000
2021 11 0.000000000 0.000000000 0.000000000 0.000000000 0.000000000 0.000000000
2021 12 0.000000000 0.000000000 1.000000000 1.000000000 1.000000000 -1.000000000
2022 1 0.000000000 -1.000000000 -1.000000000 -1.000000000 -1.000000000 -1.000000000
2022 2 0.964065059 1.836560157 1.430201869 1.057706771 1.057706771 1.057706771
2022 3 -0.659296343 -0.531791441 -0.125433153 0.247061945 -0.448169339 -0.752938055
2022 4 -0.304768716 -0.304768716 -0.304768716 -1.304768716 0.390462568 0.695231284
2022 5 1.270905525 1.270905525 0.270905525 0.541811051 0.270905525 0.270905525
2022 6 -0.270905525 -0.270905525 0.729094475 0.458188949 -0.270905525 -0.270905525
2022 7 -1.000000000 -1.000000000 -1.000000000 -1.000000000 0.000000000 0.000000000
2022 8 1.000000000 1.000000000 1.000000000 0.000000000 0.000000000 0.000000000
2022 9 0.000000000 0.000000000 -1.000000000 1.000000000 1.000000000 0.000000000
2022 10 0.000000000 -1.000000000 -2.000000000 -1.000000000 -1.000000000 0.000000000
2022 11 0.000000000 0.000000000 0.000000000 0.000000000 0.000000000 0.000000000
2022 12 1.000000000 1.000000000 1.000000000 2.000000000 2.000000000 2.000000000
2023 1 1.000000000 1.000000000 0.000000000 0.000000000 0.000000000 0.000000000
2023 2 -0.535934941 -0.663439843 -0.569798131 -0.442293229 -0.442293229 -0.442293229
2023 3 0.840703657 0.968208559 1.874566847 1.747061945 2.051830661 0.747061945
2023 4 -1.304768716 -1.304768716 -1.304768716 -1.304768716 -2.609537432 -0.304768716
2023 5 0.270905525 1.270905525 1.270905525 0.541811051 0.270905525 0.270905525
2023 6 -0.270905525 -0.270905525 -0.270905525 0.458188949 0.729094475 -0.270905525
2023 7 0.000000000 -1.000000000 -1.000000000 -1.000000000 -1.000000000 0.000000000
2023 8 0.000000000 1.000000000 1.000000000 1.000000000 0.000000000 0.000000000
2023 9 0.000000000 0.000000000 0.000000000 -1.000000000 1.000000000 1.000000000
2023 10 0.000000000 0.000000000 -1.000000000 -2.000000000 -1.000000000 -1.000000000
2023 11 0.000000000 0.000000000 0.000000000 0.000000000 0.000000000 0.000000000
2023 12 -2.000000000 -1.000000000 -1.000000000 -1.000000000 0.000000000 0.000000000
2024 1 0.000000000 1.000000000 1.000000000 0.000000000 0.000000000 0.000000000
2024 2 -0.535934941 -0.663439843 -0.569798131 0.557706771 -0.442293229 -0.442293229
2024 3 -1.159296343 -1.031791441 -1.125433153 -1.252938055 -0.948169339 -0.252938055
2024 4 2.695231284 2.695231284 1.695231284 1.695231284 2.390462568 1.695231284
2024 5 -0.729094475 -0.729094475 -0.729094475 -0.458188949 0.270905525 -0.729094475
2024 6 -0.270905525 -0.270905525 -0.270905525 0.458188949 -0.270905525 0.729094475
2024 7 1.000000000 1.000000000 1.000000000 0.000000000 0.000000000 0.000000000
2024 8 0.000000000 0.000000000 0.000000000 1.000000000 1.000000000 1.000000000
2024 9 0.000000000 -1.000000000 -1.000000000 -1.000000000 -1.000000000 -2.000000000
2024 10 0.000000000 1.000000000 1.000000000 1.000000000 0.000000000 -1.000000000
2024 11 0.000000000 0.000000000 0.000000000 0.000000000 0.000000000 0.000000000
2024 12 0.000000000 0.000000000 -2.000000000 -1.000000000 -1.000000000 -1.000000000
2025 1 0.000000000 0.000000000 0.000000000 1.000000000 1.000000000 0.000000000
2025 2 1.964065059 2.336560157 1.930201869 1.557706771 1.557706771 1.557706771
2025 3 -1.659296343 -3.031791441 -2.625433153 -2.252938055 -1.948169339 -1.252938055
2025 4 -1.304768716 0.695231284 0.695231284 -0.304768716 -0.609537432 -0.304768716
2025 5 0.270905525 0.270905525 0.270905525 0.541811051 1.270905525 1.270905525
2025 6 -0.270905525 -1.270905525 -1.270905525 -1.541811051 -1.270905525 -1.270905525
2025 7 0.000000000 1.000000000 1.000000000 1.000000000 0.000000000 0.000000000
2025 8 -1.000000000 -1.000000000 -1.000000000 -1.000000000 0.000000000 0.000000000
2025 9 2.000000000 2.000000000 1.000000000 1.000000000 1.000000000 1.000000000
2025 10 1.000000000 1.000000000 2.000000000 2.000000000 2.000000000 1.000000000
2025 11 0.000000000 0.000000000 0.000000000 0.000000000 0.000000000 0.000000000
2025 12 1.000000000 1.000000000 1.000000000 -1.000000000 0.000000000 0.000000000
2026 1 0.000000000 0.000000000 0.000000000 0.000000000 1.000000000 1.000000000
2026 2 -0.535934941 -0.663439843 -0.569798131 -0.442293229 -0.442293229 -0.442293229
2026 3 0.840703657 0.968208559 -0.125433153 -0.252938055 0.051830661 -0.252938055
2026 4 -0.304768716 -1.304768716 0.695231284 0.695231284 -0.609537432 -0.304768716
2026 5 -0.729094475 -0.729094475 -0.729094475 -0.458188949 -0.729094475 0.270905525
2026 6 0.729094475 0.729094475 -0.270905525 -0.541811051 -0.270905525 -0.270905525
2026 7 0.000000000 0.000000000 1.000000000 1.000000000 1.000000000 0.000000000
2026 8 0.000000000 -1.000000000 -1.000000000 -1.000000000 -1.000000000 0.000000000
2026 9 -1.000000000 1.000000000 1.000000000 0.000000000 0.000000000 0.000000000
2026 10 -1.000000000 0.000000000 0.000000000 1.000000000 1.000000000 1.000000000
2026 11 0.000000000 0.000000000 0.000000000 0.000000000 0.000000000 0.000000000
2026 12 0.000000000 1.000000000 1.000000000 1.000000000 -1.000000000 0.000000000
2027 1 -1.000000000 -1.000000000 -1.000000000 -1.000000000 -1.000000000 0.000000000
2027 2 -0.535934941 -0.663439843 -0.569798131 -0.442293229 -0.442293229 -0.442293229
2027 3 0.840703657 0.968208559 0.874566847 -0.252938055 -0.948169339 -0.252938055
2027 4 0.695231284 0.695231284 -0.304768716 1.695231284 2.390462568 0.695231284
2027 5 -0.729094475 -1.729094475 -1.729094475 -2.458188949 -1.729094475 -1.729094475
2027 6 0.729094475 1.729094475 1.729094475 1.458188949 0.729094475 0.729094475
2027 7 0.000000000 0.000000000 0.000000000 1.000000000 1.000000000 1.000000000
2027 8 0.000000000 0.000000000 -1.000000000 -1.000000000 -1.000000000 -1.000000000
2027 9 0.000000000 -1.000000000 1.000000000 1.000000000 0.000000000 0.000000000
2027 10 -1.000000000 -2.000000000 -1.000000000 -1.000000000 0.000000000 0.000000000
2027 11 0.000000000 0.000000000 0.000000000 0.000000000 0.000000000 0.000000000
2027 12 0.000000000 0.000000000 1.000000000 1.000000000 1.000000000 -1.000000000
2028 1 0.000000000 -1.000000000 -1.000000000 -1.000000000 -1.000000000 -1.000000000
2028 2 -0.035934941 0.836560157 0.430201869 0.057706771 0.057706771 0.057706771
2028 3 0.340703657 0.468208559 0.874566847 1.247061945 1.551830661 0.247061945
2028 4 -1.304768716 -1.304768716 -1.304768716 -1.304768716 -2.609537432 -0.304768716
2028 5 0.270905525 1.270905525 1.270905525 0.541811051 0.270905525 0.270905525
2028 6 -0.270905525 -0.270905525 -0.270905525 0.458188949 0.729094475 -0.270905525
2028 7 0.000000000 -1.000000000 -1.000000000 -1.000000000 -1.000000000 0.000000000
2028 8 0.000000000 1.000000000 1.000000000 1.000000000 0.000000000 0.000000000
2028 9 0.000000000 0.000000000 0.000000000 -1.000000000 1.000000000 1.000000000
2028 10 0.000000000 0.000000000 -1.000000000 -2.000000000 -1.000000000 -1.000000000
2028 11 0.000000000 0.000000000 0.000000000 0.000000000 0.000000000 0.000000000
2028 12 -2.000000000 -1.000000000 -1.000000000 -1.000000000 0.000000000 0.000000000
2029 1 0.000000000 1.000000000 1.000000000 0.000000000 0.000000000 0.000000000
2029 2 -0.535934941 -0.663439843 -0.569798131 -0.442293229 -0.442293229 -0.442293229
2029 3 -0.159296343 -0.031791441 -0.125433153 0.747061945 0.051830661 0.747061945
2029 4 0.695231284 -0.304768716 -0.304768716 -0.304768716 0.390462568 -1.304768716
2029 5 -0.729094475 -0.729094475 0.270905525 -0.458188949 -0.729094475 -0.729094475
2029 6 0.729094475 0.729094475 0.729094475 1.458188949 1.729094475 1.729094475
2029 7 0.000000000 0.000000000 -1.000000000 -1.000000000 -1.000000000 -1.000000000
2029 8 0.000000000 0.000000000 1.000000000 1.000000000 1.000000000 0.000000000
2029 9 -1.000000000 -1.000000000 -1.000000000 -1.000000000 -2.000000000 0.000000000
2029 10 1.000000000 1.000000000 1.000000000 0.000000000 -1.000000000 0.000000000
2029 11 0.000000000 0.000000000 0.000000000 0.000000000 0.000000000 0.000000000
2029 12 0.000000000 -2.000000000 -1.000000000 -1.000000000 -1.000000000 0.000000000
2030 1 0.000000000 0.000000000 1.000000000 1.000000000 0.000000000 0.000000000
2030 2 1.964065059 2.336560157 1.930201869 1.557706771 1.557706771 1.557706771
2030 3 -2.659296343 -3.031791441 -2.625433153 -2.252938055 -0.948169339 -1.252938055
2030 4 1.695231284 1.695231284 0.695231284 0.695231284 0.390462568 0.695231284
2030 5 0.270905525 0.270905525 0.270905525 1.541811051 1.270905525 0.270905525
2030 6 -1.270905525 -1.270905525 -1.270905525 -1.541811051 -1.270905525 -0.270905525
2030 7 1.000000000 1.000000000 1.000000000 0.000000000 0.000000000 0.000000000
2030 8 0.000000000 0.000000000 0.000000000 1.000000000 1.000000000 1.000000000
2030 9 0.000000000 -1.000000000 -1.000000000 -1.000000000 -1.000000000 -2.000000000
2030 10 0.000000000 1.000000000 1.000000000 1.000000000 0.000000000 -1.000000000
2030 11 0.000000000 0.000000000 0.000000000 0.000000000 0.000000000 0.000000000
2030 12 0.000000000 0.000000000 -2.000000000 -1.000000000 -1.000000000 -1.000000000
2031 1 0.000000000 0.000000000 0.000000000 1.000000000 1.000000000 0.000000000
2031 2 -0.535934941 -0.663439843 -0.569798131 -0.442293229 -0.442293229 -0.442293229
2031 3 0.840703657 -0.031791441 -0.125433153 -0.252938055 0.051830661 0.747061945
2031 4 -1.304768716 0.695231284 0.695231284 -0.304768716 -0.609537432 -0.304768716
2031 5 0.270905525 0.270905525 0.270905525 0.541811051 1.270905525 1.270905525
2031 6 -0.270905525 -1.270905525 -1.270905525 -1.541811051 -1.270905525 -1.270905525
2031 7 0.000000000 1.000000000 1.000000000 1.000000000 0.000000000 0.000000000
2031 8 -1.000000000 -1.000000000 -1.000000000 -1.000000000 0.000000000 0.000000000
2031 9 2.000000000 2.000000000 1.000000000 1.000000000 1.000000000 1.000000000
2031 10 1.000000000 1.000000000 2.000000000 2.000000000 2.000000000 1.000000000
2031 11 0.000000000 0.000000000 0.000000000 0.000000000 0.000000000 0.000000000
2031 12 1.000000000 1.000000000 1.000000000 -1.000000000 0.000000000 0.000000000
2032 1 0.000000000 0.000000000 0.000000000 0.000000000 1.000000000 1.000000000
2032 2 -1.535934941 -1.663439843 -1.569798131 -1.442293229 -1.442293229 -1.442293229
2032 3 0.840703657 0.968208559 0.874566847 -0.252938055 -0.948169339 -0.252938055
2032 4 0.695231284 0.695231284 -0.304768716 1.695231284 2.390462568 0.695231284
2032 5 -0.729094475 -1.729094475 -1.729094475 -2.458188949 -1.729094475 -1.729094475
2032 6 0.729094475 1.729094475 1.729094475 1.458188949 0.729094475 0.729094475
2032 7 0.000000000 0.000000000 0.000000000 1.000000000 1.000000000 1.000000000
2032 8 0.000000000 0.000000000 -1.000000000 -1.000000000 -1.000000000 -1.000000000
2032 9 0.000000000 -1.000000000 1.000000000 1.000000000 0.000000000 0.000000000
2032 10 -1.000000000 -2.000000000 -1.000000000 -1.000000000 0.000000000 0.000000000
2032 11 0.000000000 0.000000000 0.000000000 0.000000000 0.000000000 0.000000000
2032 12 0.000000000 0.000000000 1.000000000 1.000000000 1.000000000 -1.000000000
2033 1 0.000000000 -1.000000000 -1.000000000 -1.000000000 -1.000000000 -1.000000000
2033 2 0.964065059 1.836560157 1.430201869 1.057706771 1.057706771 1.057706771
2033 3 -0.659296343 -0.531791441 -0.125433153 0.247061945 -0.448169339 -0.752938055
2033 4 -0.304768716 -0.304768716 -0.304768716 -1.304768716 0.390462568 0.695231284
2033 5 1.270905525 1.270905525 0.270905525 0.541811051 0.270905525 0.270905525
2033 6 -0.270905525 -0.270905525 0.729094475 0.458188949 -0.270905525 -0.270905525
2033 7 -1.000000000 -1.000000000 -1.000000000 -1.000000000 0.000000000 0.000000000
2033 8 1.000000000 1.000000000 1.000000000 0.000000000 0.000000000 0.000000000
2033 9 0.000000000 0.000000000 -1.000000000 1.000000000 1.000000000 0.000000000
2033 10 0.000000000 -1.000000000 -2.000000000 -1.000000000 -1.000000000 0.000000000
2033 11 0.000000000 0.000000000 0.000000000 0.000000000 0.000000000 0.000000000
2033 12 1.000000000 1.000000000 1.000000000 2.000000000 2.000000000 2.000000000
2034 1 1.000000000 1.000000000 0.000000000 0.000000000 0.000000000 0.000000000
2034 2 -0.535934941 -0.663439843 -0.569798131 -0.442293229 -0.442293229 -0.442293229
2034 3 0.840703657 0.968208559 1.874566847 1.747061945 2.051830661 0.747061945
2034 4 -1.304768716 -1.304768716 -1.304768716 -1.304768716 -2.609537432 -0.304768716
2034 5 0.270905525 1.270905525 1.270905525 0.541811051 0.270905525 0.270905525
2034 6 -0.270905525 -0.270905525 -0.270905525 0.458188949 0.729094475 -0.270905525
2034 7 0.000000000 -1.000000000 -1.000000000 -1.000000000 -1.000000000 0.000000000
2034 8 0.000000000 1.000000000 1.000000000 1.000000000 0.000000000 0.000000000
2034 9 0.000000000 0.000000000 0.000000000 -1.000000000 1.000000000 1.000000000
2034 10 0.000000000 0.000000000 -1.000000000 -2.000000000 -1.000000000 -1.000000000
2034 11 0.000000000 0.000000000 0.000000000 0.000000000 0.000000000 0.000000000
2034 12 -2.000000000 -1.000000000 -1.000000000 -1.000000000 0.000000000 0.000000000
2035 1 0.000000000 1.000000000 1.000000000 0.000000000 0.000000000 0.000000000
2035 2 -0.535934941 -0.663439843 -0.569798131 -0.442293229 -0.442293229 -0.442293229
2035 3 -0.159296343 -0.031791441 -0.125433153 0.747061945 0.051830661 0.747061945
2035 4 0.695231284 -0.304768716 -0.304768716 -0.304768716 0.390462568 -1.304768716
2035 5 -0.729094475 -0.729094475 0.270905525 -0.458188949 -0.729094475 -0.729094475
2035 6 0.729094475 0.729094475 0.729094475 1.458188949 1.729094475 1.729094475
2035 7 0.000000000 0.000000000 -1.000000000 -1.000000000 -1.000000000 -1.000000000
2035 8 0.000000000 0.000000000 1.000000000 1.000000000 1.000000000 0.000000000
2035 9 -1.000000000 -1.000000000 -1.000000000 -1.000000000 -2.000000000 0.000000000
2035 10 1.000000000 1.000000000 1.000000000 0.000000000 -1.000000000 0.000000000
2035 11 0.000000000 0.000000000 0.000000000 0.000000000 0.000000000 0.000000000
2035 12 0.000000000 -2.000000000 -1.000000000 -1.000000000 -1.000000000 0.000000000
2036 1 0.000000000 0.000000000 1.000000000 1.000000000 0.000000000 0.000000000
2036 2 -0.535934941 -0.663439843 -0.569798131 -0.442293229 0.557706771 -0.442293229
2036 3 0.840703657 -0.031791441 -0.125433153 -0.252938055 0.051830661 0.747061945
2036 4 -1.304768716 0.695231284 0.695231284 -0.304768716 -0.609537432 -0.304768716
2036 5 0.270905525 0.270905525 0.270905525 0.541811051 1.270905525 1.270905525
2036 6 -0.270905525 -1.270905525 -1.270905525 -1.541811051 -1.270905525 -1.270905525
2036 7 0.000000000 1.000000000 1.000000000 1.000000000 0.000000000 0.000000000
2036 8 -1.000000000 -1.000000000 -1.000000000 -1.000000000 0.000000000 0.000000000
2036 9 2.000000000 2.000000000 1.000000000 1.000000000 1.000000000 1.000000000
2036 10 1.000000000 1.000000000 2.000000000 2.000000000 2.000000000 1.000000000
2036 11 0.000000000 0.000000000 0.000000000 0.000000000 0.000000000 0.000000000
2036 12 1.000000000 1.000000000 1.000000000 -1.000000000 0.000000000 0.000000000
2037 1 0.000000000 0.000000000 0.000000000 0.000000000 1.000000000 1.000000000
2037 2 -0.535934941 -0.663439843 -0.569798131 -0.442293229 -0.442293229 -0.442293229
2037 3 0.840703657 0.968208559 -0.125433153 -0.252938055 0.051830661 -0.252938055
2037 4 -0.304768716 -1.304768716 0.695231284 0.695231284 -0.609537432 -0.304768716
2037 5 -0.729094475 -0.729094475 -0.729094475 -0.458188949 -0.729094475 0.270905525
2037 6 0.729094475 0.729094475 -0.270905525 -0.541811051 -0.270905525 -0.270905525
2037 7 0.000000000 0.000000000 1.000000000 1.000000000 1.000000000 0.000000000
2037 8 0.000000000 -1.000000000 -1.000000000 -1.000000000 -1.000000000 0.000000000
2037 9 -1.000000000 1.000000000 1.000000000 0.000000000 0.000000000 0.000000000
2037 10 -1.000000000 0.000000000 0.000000000 1.000000000 1.000000000 1.000000000
2037 11 0.000000000 0.000000000 0.000000000 0.000000000 0.000000000 0.000000000
2037 12 0.000000000 1.000000000 1.000000000 1.000000000 -1.000000000 0.000000000
2038 1 -1.000000000 -1.000000000 -1.000000000 -1.000000000 -1.000000000 0.000000000
2038 2 1.964065059 2.336560157 1.930201869 1.557706771 1.557706771 1.557706771
2038 3 -0.659296343 -1.031791441 -0.625433153 -1.252938055 -0.948169339 -1.252938055
2038 4 -0.304768716 -0.304768716 -1.304768716 0.695231284 0.390462568 -0.304768716
2038 5 0.270905525 -0.729094475 -0.729094475 -0.458188949 -0.729094475 -0.729094475
2038 6 -0.270905525 0.729094475 0.729094475 -0.541811051 -0.270905525 -0.270905525
2038 7 0.000000000 0.000000000 0.000000000 1.000000000 1.000000000 1.000000000
2038 8 0.000000000 0.000000000 -1.000000000 -1.000000000 -1.000000000 -1.000000000
2038 9 0.000000000 -1.000000000 1.000000000 1.000000000 0.000000000 0.000000000
2038 10 -1.000000000 -2.000000000 -1.000000000 -1.000000000 0.000000000 0.000000000
2038 11 0.000000000 0.000000000 0.000000000 0.000000000 0.000000000 0.000000000
2038 12 0.000000000 0.000000000 1.000000000 1.000000000 1.000000000 -1.000000000
2039 1 0.000000000 -1.000000000 -1.000000000 -1.000000000 -1.000000000 -1.000000000
2039 2 -0.535934941 -0.663439843 -0.569798131 -0.442293229 -0.442293229 -0.442293229
2039 3 0.840703657 1.968208559 1.874566847 1.747061945 1.051830661 0.747061945
2039 4 -0.304768716 -0.304768716 -0.304768716 -1.304768716 0.390462568 0.695231284
2039 5 1.270905525 1.270905525 0.270905525 0.541811051 0.270905525 0.270905525
2039 6 -0.270905525 -0.270905525 0.729094475 0.458188949 -0.270905525 -0.270905525
2039 7 -1.000000000 -1.000000000 -1.000000000 -1.000000000 0.000000000 0.000000000
2039 8 1.000000000 1.000000000 1.000000000 0.000000000 0.000000000 0.000000000
2039 9 0.000000000 0.000000000 -1.000000000 1.000000000 1.000000000 0.000000000
2039 10 0.000000000 -1.000000000 -2.000000000 -1.000000000 -1.000000000 0.000000000
2039 11 0.000000000 0.000000000 0.000000000 0.000000000 0.000000000 0.000000000
2039 12 1.000000000 1.000000000 1.000000000 2.000000000 2.000000000 2.000000000
2040 1 1.000000000 1.000000000 0.000000000 0.000000000 0.000000000 0.000000000
2040 2 -0.535934941 -0.663439843 0.430201869 -0.442293229 -0.442293229 -0.442293229
2040 3 -0.159296343 -0.031791441 -0.125433153 0.747061945 0.051830661 0.747061945
2040 4 0.695231284 -0.304768716 -0.304768716 -0.304768716 0.390462568 -1.304768716
2040 5 -0.729094475 -0.729094475 0.270905525 -0.458188949 -0.729094475 -0.729094475
2040 6 0.729094475 0.729094475 0.729094475 1.458188949 1.729094475 1.729094475
2040 7 0.000000000 0.000000000 -1.000000000 -1.000000000 -1.000000000 -1.000000000
2040 8 0.000000000 0.000000000 1.000000000 1.000000000 1.000000000 0.000000000
2040 9 -1.000000000 -1.000000000 -1.000000000 -1.000000000 -2.000000000 0.000000000
2040 10 1.000000000 1.000000000 1.000000000 0.000000000 -1.000000000 0.000000000
2040 11 0.000000000 0.000000000 0.000000000 0.000000000 0.000000000 0.000000000
2040 12 0.000000000 -2.000000000 -1.000000000 -1.000000000 -1.000000000 0.000000000