1999 1 0 0
1999 2 0.21 0
1999 3 -0.21 0
1999 4 0 0
1999 5 0 -0.146666666666667
1999 6 0 0.146666666666667
1999 7 0 0
1999 8 0 0
1999 9 0 0
1999 10 0 0
1999 11 0 0
1999 12 0 0
2000 1 0 0
2000 2 -0.79 0
2000 3 0.79 0
2000 4 0 0
2000 5 0 -0.146666666666667
2000 6 0 0.146666666666667
2000 7 0 0
2000 8 0 0
2000 9 0 0
2000 10 0 0
2000 11 0 0
2000 12 0 0
2001 1 0 0
2001 2 0.21 0
2001 3 -0.21 0
2001 4 0 0
2001 5 0 -0.146666666666667
2001 6 0 0.146666666666667
2001 7 0 0
2001 8 0 0
2001 9 0 0
2001 10 0 0
2001 11 0 0
2001 12 0 0
2002 1 0 0
2002 2 0.21 0
2002 3 -0.21 0
2002 4 0 0
2002 5 0 0.186666666666667
2002 6 0 -0.186666666666667
2002 7 0 0
2002 8 0 0
2002 9 0 0
2002 10 0 0
2002 11 0 0
2002 12 0 0
2003 1 0 0
2003 2 -0.79 0
2003 3 0.79 0
2003 4 0 0
2003 5 0 -0.146666666666667
2003 6 0 0.146666666666667
2003 7 0 0
2003 8 0 0
2003 9 0 0
2003 10 0 0
2003 11 0 0
2003 12 0 0
2004 1 0 0
2004 2 0.21 0
2004 3 -0.21 0
2004 4 0 0
2004 5 0 -0.146666666666667
2004 6 0 0.146666666666667
2004 7 0 0
2004 8 0 0
2004 9 0 0
2004 10 0 0
2004 11 0 0
2004 12 0 0
2005 1 0 0
2005 2 0.21 0
2005 3 -0.21 0
2005 4 0 0
2005 5 0 0.853333333333333
2005 6 0 -0.853333333333333
2005 7 0 0
2005 8 0 0
2005 9 0 0
2005 10 0 0
2005 11 0 0
2005 12 0 0
2006 1 0 0
2006 2 0.21 0
2006 3 -0.21 0
2006 4 0 0
2006 5 0 -0.146666666666667
2006 6 0 0.146666666666667
2006 7 0 0
2006 8 0 0
2006 9 0 0
2006 10 0 0
2006 11 0 0
2006 12 0 0
2007 1 0 0
2007 2 0.21 0
2007 3 -0.21 0
2007 4 0 0
2007 5 0 -0.146666666666667
2007 6 0 0.146666666666667
2007 7 0 0
2007 8 0 0
2007 9 0 0
2007 10 0 0
2007 11 0 0
2007 12 0 0
2008 1 0 0
2008 2 0.21 0
2008 3 -0.21 0
2008 4 0 0
2008 5 0 0.853333333333333
2008 6 0 -0.853333333333333
2008 7 0 0
2008 8 0 0
2008 9 0 0
2008 10 0 0
2008 11 0 0
2008 12 0 0
2009 1 0 0
2009 2 0.21 0
2009 3 -0.21 0
2009 4 0 0
2009 5 0 -0.146666666666667
2009 6 0 0.146666666666667
2009 7 0 0
2009 8 0 0
2009 9 0 0
2009 10 0 0
2009 11 0 0
2009 12 0 0
2010 1 0 0
2010 2 0.21 0
2010 3 -0.21 0
2010 4 0 0
2010 5 0 -0.146666666666667
2010 6 0 0.146666666666667
2010 7 0 0
2010 8 0 0
2010 9 0 0
2010 10 0 0
2010 11 0 0
2010 12 0 0
2011 1 0 0
2011 2 -0.79 0
2011 3 0.79 0
2011 4 0 0
2011 5 0 -0.146666666666667
2011 6 0 0.146666666666667
2011 7 0 0
2011 8 0 0
2011 9 0 0
2011 10 0 0
2011 11 0 0
2011 12 0 0
2012 1 0 0
2012 2 0.21 0
2012 3 -0.21 0
2012 4 0 0
2012 5 0 -0.146666666666667
2012 6 0 0.146666666666667
2012 7 0 0
2012 8 0 0
2012 9 0 0
2012 10 0 0
2012 11 0 0
2012 12 0 0
2013 1 0 0
2013 2 0.21 0
2013 3 -0.21 0
2013 4 0 0
2013 5 0 0.186666666666667
2013 6 0 -0.186666666666667
2013 7 0 0
2013 8 0 0
2013 9 0 0
2013 10 0 0
2013 11 0 0
2013 12 0 0
2014 1 0 0
2014 2 -0.79 0
2014 3 0.79 0
2014 4 0 0
2014 5 0 -0.146666666666667
2014 6 0 0.146666666666667
2014 7 0 0
2014 8 0 0
2014 9 0 0
2014 10 0 0
2014 11 0 0
2014 12 0 0
2015 1 0 0
2015 2 0.21 0
2015 3 -0.21 0
2015 4 0 0
2015 5 0 -0.146666666666667
2015 6 0 0.146666666666667
2015 7 0 0
2015 8 0 0
2015 9 0 0
2015 10 0 0
2015 11 0 0
2015 12 0 0
2016 1 0 0
2016 2 0.21 0
2016 3 -0.21 0
2016 4 0 0
2016 5 0 0.853333333333333
2016 6 0 -0.853333333333333
2016 7 0 0
2016 8 0 0
2016 9 0 0
2016 10 0 0
2016 11 0 0
2016 12 0 0
2017 1 0 0
2017 2 0.21 0
2017 3 -0.21 0
2017 4 0 0
2017 5 0 -0.146666666666667
2017 6 0 0.146666666666667
2017 7 0 0
2017 8 0 0
2017 9 0 0
2017 10 0 0
2017 11 0 0
2017 12 0 0
2018 1 0 0
2018 2 0.21 0
2018 3 -0.21 0
2018 4 0 0
2018 5 0 -0.146666666666667
2018 6 0 0.146666666666667
2018 7 0 0
2018 8 0 0
2018 9 0 0
2018 10 0 0
2018 11 0 0
2018 12 0 0
2019 1 0 0
2019 2 -0.79 0
2019 3 0.79 0
2019 4 0 0
2019 5 0 -0.146666666666667
2019 6 0 0.146666666666667
2019 7 0 0
2019 8 0 0
2019 9 0 0
2019 10 0 0
2019 11 0 0
2019 12 0 0
2020 1 0 0
2020 2 0.21 0
2020 3 -0.21 0
2020 4 0 0
2020 5 0 -0.146666666666667
2020 6 0 0.146666666666667
2020 7 0 0
2020 8 0 0
2020 9 0 0
2020 10 0 0
2020 11 0 0
2020 12 0 0
2021 1 0 0
2021 2 0.21 0
2021 3 -0.21 0
2021 4 0 0
2021 5 0 -0.146666666666667
2021 6 0 0.146666666666667
2021 7 0 0
2021 8 0 0
2021 9 0 0
2021 10 0 0
2021 11 0 0
2021 12 0 0
2022 1 0 0
2022 2 -0.04 0
2022 3 0.04 0
2022 4 0 0
2022 5 0 -0.146666666666667
2022 6 0 0.146666666666667
2022 7 0 0
2022 8 0 0
2022 9 0 0
2022 10 0 0
2022 11 0 0
2022 12 0 0
2023 1 0 0
2023 2 0.21 0
2023 3 -0.21 0
2023 4 0 0
2023 5 0 -0.146666666666667
2023 6 0 0.146666666666667
2023 7 0 0
2023 8 0 0
2023 9 0 0
2023 10 0 0
2023 11 0 0
2023 12 0 0